01011110000000110000000101010100	256	LW R3, 340(R16)	
01011110000001000000000101101000	260	LW R4, 360(R16)	
01011110000001010000000101111100	264	LW R5, 380(R16)	
01101100000000000000000000000000	268	NOP	
01101100000000000000000000000000	272	NOP	
01101100000000000000000000000000	276	NOP	
01101100000000000000000000000000	280	NOP	
01101100000000000000000000000000	284	NOP	
01101100000000000000000000000000	288	NOP	
01101100000000000000000000000000	292	NOP	
01101100000000000000000000000000	296	NOP	
01101100000000000000000000000000	300	NOP	
01101100000000000000000000000000	304	NOP	
01101100000000000000000000000000	308	NOP	
01101100000000000000000000000000	312	NOP	
01101100000000000000000000000000	316	NOP	
01101100000000000000000000000000	320	NOP	
01101100000000000000000000000000	324	NOP	
01101100000000000000000000000000	328	NOP	
01101100000000000000000000000000	332	NOP	
01010100000000000000000000001101	336	BREAK	
11111111111111111111111111111111	340	-1
11111111111111111111111111111110	344	-2
11111111111111111111111111111101	348	-3
00000000000000000000000000000001	352	1
00000000000000000000000000000010	356	2
00000000000000000000000000000100	360	4
11111111111111111111111111111100	364	-4
00000000000000000000000000001010	368	10
00000000000000000000000000000111	372	7
00000000000000000000000000001001	376	9
00000000000000000000000000000001	380	1
00000000000000000000000000000000	384	0
11111111111111111111111111111111	388	-1
00000000000000000000000000000001	392	1
11111111111111111111111111111111	396	-1
00000000000000000000000000000000	400	0
00000000000000000000000000000000	404	0
00000000000000000000000000000000	408	0
00000000000000000000000000000000	412	0
00000000000000000000000000000000	416	0
00000000000000000000000000000000	420	0
00000000000000000000000000000000	424	0
00000000000000000000000000000000	428	0
00000000000000000000000000000000	432	0
