01011110000000110000000101010100
01011110000001000000000101101000
01011110000001010000000101111100
01101100000000000000000000000000
01101100000000000000000000000000
01101100000000000000000000000000
01101100000000000000000000000000
01101100000000000000000000000000
01101100000000000000000000000000
01101100000000000000000000000000
01101100000000000000000000000000
01101100000000000000000000000000
01101100000000000000000000000000
01101100000000000000000000000000
01101100000000000000000000000000
01101100000000000000000000000000
01101100000000000000000000000000
01101100000000000000000000000000
01101100000000000000000000000000
01101100000000000000000000000000
01010100000000000000000000001101
11111111111111111111111111111111
11111111111111111111111111111110
11111111111111111111111111111101
00000000000000000000000000000001
00000000000000000000000000000010
00000000000000000000000000000100
11111111111111111111111111111100
00000000000000000000000000001010
00000000000000000000000000000111
00000000000000000000000000001001
00000000000000000000000000000001
00000000000000000000000000000000
11111111111111111111111111111111
00000000000000000000000000000001
11111111111111111111111111111111
00000000000000000000000000000000
00000000000000000000000000000000
00000000000000000000000000000000
00000000000000000000000000000000
00000000000000000000000000000000
00000000000000000000000000000000
00000000000000000000000000000000
00000000000000000000000000000000
00000000000000000000000000000000
