--------------------
Cycle: 1	256	LW R1, 340(R16)

Registers
R00:	0	-1	0	0	0	0	0	0	
R08:	0	0	0	0	0	0	0	0	
R16:	0	0	0	0	0	0	0	0	
R24:	0	0	0	0	0	0	0	0	
Data
340:	-1	-2	-3	1	2	4	-4	10	
372:	7	9	1	0	-1	1	-1	0	
404:	0	0	0	0	0	0	0	0	
--------------------
Cycle: 2	260	LW R2, 360(R16)

Registers
R00:	0	-1	4	0	0	0	0	0	
R08:	0	0	0	0	0	0	0	0	
R16:	0	0	0	0	0	0	0	0	
R24:	0	0	0	0	0	0	0	0	
Data
340:	-1	-2	-3	1	2	4	-4	10	
372:	7	9	1	0	-1	1	-1	0	
404:	0	0	0	0	0	0	0	0	
--------------------
Cycle: 3	264	LW R3, 380(R16)

Registers
R00:	0	-1	4	1	0	0	0	0	
R08:	0	0	0	0	0	0	0	0	
R16:	0	0	0	0	0	0	0	0	
R24:	0	0	0	0	0	0	0	0	
Data
340:	-1	-2	-3	1	2	4	-4	10	
372:	7	9	1	0	-1	1	-1	0	
404:	0	0	0	0	0	0	0	0	
--------------------
Cycle: 4	268	AND R4, R1, R2

Registers
R00:	0	-1	4	1	4	0	0	0	
R08:	0	0	0	0	0	0	0	0	
R16:	0	0	0	0	0	0	0	0	
R24:	0	0	0	0	0	0	0	0	
Data
340:	-1	-2	-3	1	2	4	-4	10	
372:	7	9	1	0	-1	1	-1	0	
404:	0	0	0	0	0	0	0	0	
--------------------
Cycle: 5	272	OR R5, R3, R2

Registers
R00:	0	-1	4	1	4	5	0	0	
R08:	0	0	0	0	0	0	0	0	
R16:	0	0	0	0	0	0	0	0	
R24:	0	0	0	0	0	0	0	0	
Data
340:	-1	-2	-3	1	2	4	-4	10	
372:	7	9	1	0	-1	1	-1	0	
404:	0	0	0	0	0	0	0	0	
--------------------
Cycle: 6	276	XOR R6, R1, R2

Registers
R00:	0	-1	4	1	4	5	-5	0	
R08:	0	0	0	0	0	0	0	0	
R16:	0	0	0	0	0	0	0	0	
R24:	0	0	0	0	0	0	0	0	
Data
340:	-1	-2	-3	1	2	4	-4	10	
372:	7	9	1	0	-1	1	-1	0	
404:	0	0	0	0	0	0	0	0	
--------------------
Cycle: 7	280	NOR R7, R2, R3

Registers
R00:	0	-1	4	1	4	5	-5	-6	
R08:	0	0	0	0	0	0	0	0	
R16:	0	0	0	0	0	0	0	0	
R24:	0	0	0	0	0	0	0	0	
Data
340:	-1	-2	-3	1	2	4	-4	10	
372:	7	9	1	0	-1	1	-1	0	
404:	0	0	0	0	0	0	0	0	
--------------------
Cycle: 8	284	SLT R8, R4, R5

Registers
R00:	0	-1	4	1	4	5	-5	-6	
R08:	1	0	0	0	0	0	0	0	
R16:	0	0	0	0	0	0	0	0	
R24:	0	0	0	0	0	0	0	0	
Data
340:	-1	-2	-3	1	2	4	-4	10	
372:	7	9	1	0	-1	1	-1	0	
404:	0	0	0	0	0	0	0	0	
--------------------
Cycle: 9	288	ANDI R9, R5, #7

Registers
R00:	0	-1	4	1	4	5	-5	-6	
R08:	1	5	0	0	0	0	0	0	
R16:	0	0	0	0	0	0	0	0	
R24:	0	0	0	0	0	0	0	0	
Data
340:	-1	-2	-3	1	2	4	-4	10	
372:	7	9	1	0	-1	1	-1	0	
404:	0	0	0	0	0	0	0	0	
--------------------
Cycle: 10	292	ORI R11, R5, #-1

Registers
R00:	0	-1	4	1	4	5	-5	-6	
R08:	1	5	0	-1	0	0	0	0	
R16:	0	0	0	0	0	0	0	0	
R24:	0	0	0	0	0	0	0	0	
Data
340:	-1	-2	-3	1	2	4	-4	10	
372:	7	9	1	0	-1	1	-1	0	
404:	0	0	0	0	0	0	0	0	
--------------------
Cycle: 11	296	XORI R11, R5, #-1

Registers
R00:	0	-1	4	1	4	5	-5	-6	
R08:	1	5	0	-6	0	0	0	0	
R16:	0	0	0	0	0	0	0	0	
R24:	0	0	0	0	0	0	0	0	
Data
340:	-1	-2	-3	1	2	4	-4	10	
372:	7	9	1	0	-1	1	-1	0	
404:	0	0	0	0	0	0	0	0	
--------------------
Cycle: 12	300	ADDI R0, R0, #324

Registers
R00:	324	-1	4	1	4	5	-5	-6	
R08:	1	5	0	-6	0	0	0	0	
R16:	0	0	0	0	0	0	0	0	
R24:	0	0	0	0	0	0	0	0	
Data
340:	-1	-2	-3	1	2	4	-4	10	
372:	7	9	1	0	-1	1	-1	0	
404:	0	0	0	0	0	0	0	0	
--------------------
Cycle: 13	304	SRL R16, R4, #1

Registers
R00:	324	-1	4	1	4	5	-5	-6	
R08:	1	5	0	-6	0	0	0	0	
R16:	2	0	0	0	0	0	0	0	
R24:	0	0	0	0	0	0	0	0	
Data
340:	-1	-2	-3	1	2	4	-4	10	
372:	7	9	1	0	-1	1	-1	0	
404:	0	0	0	0	0	0	0	0	
--------------------
Cycle: 14	308	SRA R17, R5, #1

Registers
R00:	324	-1	4	1	4	5	-5	-6	
R08:	1	5	0	-6	0	0	0	0	
R16:	2	2	0	0	0	0	0	0	
R24:	0	0	0	0	0	0	0	0	
Data
340:	-1	-2	-3	1	2	4	-4	10	
372:	7	9	1	0	-1	1	-1	0	
404:	0	0	0	0	0	0	0	0	
--------------------
Cycle: 15	312	LW R24, 372(R2)

Registers
R00:	324	-1	4	1	4	5	-5	-6	
R08:	1	5	0	-6	0	0	0	0	
R16:	2	2	0	0	0	0	0	0	
R24:	9	0	0	0	0	0	0	0	
Data
340:	-1	-2	-3	1	2	4	-4	10	
372:	7	9	1	0	-1	1	-1	0	
404:	0	0	0	0	0	0	0	0	
--------------------
Cycle: 16	316	JR R0

Registers
R00:	324	-1	4	1	4	5	-5	-6	
R08:	1	5	0	-6	0	0	0	0	
R16:	2	2	0	0	0	0	0	0	
R24:	9	0	0	0	0	0	0	0	
Data
340:	-1	-2	-3	1	2	4	-4	10	
372:	7	9	1	0	-1	1	-1	0	
404:	0	0	0	0	0	0	0	0	
--------------------
Cycle: 17	328	BLTZ R7, #8

Registers
R00:	324	-1	4	1	4	5	-5	-6	
R08:	1	5	0	-6	0	0	0	0	
R16:	2	2	0	0	0	0	0	0	
R24:	9	0	0	0	0	0	0	0	
Data
340:	-1	-2	-3	1	2	4	-4	10	
372:	7	9	1	0	-1	1	-1	0	
404:	0	0	0	0	0	0	0	0	
--------------------
Cycle: 18	336	BREAK

Registers
R00:	324	-1	4	1	4	5	-5	-6	
R08:	1	5	0	-6	0	0	0	0	
R16:	2	2	0	0	0	0	0	0	
R24:	9	0	0	0	0	0	0	0	
Data
340:	-1	-2	-3	1	2	4	-4	10	
372:	7	9	1	0	-1	1	-1	0	
404:	0	0	0	0	0	0	0	0	
